38 221 216 167 0 234 36 180 33 179 65 116 296 168 54 34 108 85 275 87 41 184 164 249 99 212 110 88 75 103 80 72 4 8 7 294 148 134 162
42 259 159 286 246 299 203 24 133 210 62 161 127 13 260 276 136 220 92 95 58 137 290 227 193 15 218 273 150 285 225 107 74 144 56 105 18 171 187 263 38 63 125
42 156 261 60 200 57 19 198 213 267 44 129 79 245 226 21 113 224 91 232 166 96 188 39 53 277 281 32 230 174 282 29 214 128 284 102 28 241 244 172 40 204 217
41 146 239 121 222 202 185 14 64 122 271 82 50 68 157 254 295 111 158 26 268 243 207 209 236 11 3 27 86 258 170 89 253 191 61 163 177 298 160 117 109 197
40 73 195 237 22 23 114 140 48 6 147 269 190 76 42 90 101 283 25 10 93 235 70 131 119 201 83 118 287 138 5 81 98 16 139 124 205 248 45 291 112
37 181 219 35 199 20 255 238 265 196 223 31 266 242 250 292 78 264 106 51 12 289 115 152 55 155 141 59 182 67 104 145 192 142 71 43 176 280
45 154 228 66 252 100 215 17 288 297 30 120 126 256 206 251 262 47 231 279 186 97 233 229 272 143 37 240 1 194 270 135 69 46 94 123 293 189 208 178 49 84 153 278 173 9
15 77 52 257 211 151 247 149 169 132 274 175 2 165 183 130
0 
0 
0 
0 
0 
0 
0 
0 
0 
0 
0 
0 
0 
0 
0 
0 
0 
0 
0 
0 
0 
0 
0 
0 
0 
0 
0 
0 
0 
0 
0 
0 
0 
0 
0 
0 
0 
0 
0 
0 
0 
0 
0 
0 
0 
0 
0 
0 
0 
0 
0 
0 
0 
0 
0 
0 
0 
0 
0 
0 
0 
0 
0 
0 
0 
0 
0 
0 
0 
0 
0 
0 
0 
0 
0 
0 
0 
0 
0 
0 
0 
0 
0 
0 
0 
0 
0 
0 
0 
0 
0 
0 
